fail CHIP1.INT1 order 1, "Key '01_01_WL' does not exist."
fail CHIP1.INT1 order 9, "Key '09_01_WL' does not exist."
fail CHIP2.INT1 order 1, "Key '01_01_WL' does not exist."
fail CHIP2.INT1 order 9, "Key '09_01_WL' does not exist."
fail CHIP3.INT1 order 1, "Key '01_01_WL' does not exist."
fail CHIP3.INT1 order 9, "Key '09_01_WL' does not exist."
1922.65 1922.76
1923.40 1923.47
1923.60 1923.72
1924.58 1924.72
1925.24 1925.40
1926.55 1926.67
1928.55 1928.68
1930.38 undo last
1930.30 1930.43
1931.59 1931.77
1934.20 1934.40
1935.59 1935.65
1936.57 1936.77
1941.45 1941.74
1943.41 1943.50
1944.72 1944.88
1948.11 1948.18
1949.21 1949.38
1950.29 1950.50
1959.70 1959.78
1960.57 1960.68
1959.11 1959.21
1990.65 1990.88
1996.84 1996.97
2000.89 2001.05
2002.64 2002.80
2002.90 2003.00
2003.28
undo last
2003.31 2003.38
2007.05 2007.13
2009.10 2009.22
2009.81 2009.92
2012.03 2012.23
2016.13 2016.20
2017.63 2017.71
2019.92 2020.04
2020.62 2020.76
2024.20 2024.26
2027.53 2027.81
2030.68 2030.84
2064.94 2065.10
2067.00 2067.14
2069.56 2069.73
2070.87 2071.10
2071.51 2071.58
2075.07 2075.16
2076.63 2076.71
2077.75 2077.84
2080.32 2080.48
2082.69 2082.77
2087.13 2087.25
2089.72 2089.80
2093.62 2093.75
2094.45 2094.54
2097.30 2097.47
2099.42 2099.58
2101.23 2101.37
2106.01 2106.18
2143.51 2143.66
2144.77 2144.91
2146.53 2146.72
2150.14 2150.35
2152.70 2152.91
2156.65 2156.78
2159.14 2159.38
2161.04 2161.34
2167.95 2168.12
2169.90 2170.03
2174.55 2174.86
2175.00 2175.11
2175.29 2175.46
2176.39 2176.51
2179.77 2179.91
2181.72 2181.86
2183.61 2183.72
2185.93 2186.00
2186.20 2186.39
2229.66 2229.90
2231.18 2231.28
2233.14 2233.42
2237.48 2237.66
2238.10 2238.37
2239.22
undo last
2239.23 2239.39
2241.77 2241.90
2242.56
2242.71
undo last
2242.57 2242.71
2245.39 2245.58
2246.45 2246.59
2250.94 2251.21
2252.28 2252.42
2249.45 2249.63
2255.24 2255.42
2258.43 2258.66
2262.61 2262.76
2264.36 2264.43
2265.11 2265.53
2268.90 2269.10
2269.94 2270.13
2272.37 2272.98
2322.54 2322.69
2324.27 2324.50
2324.60 2324.73
2325.37 2325.48
2328.89 2329.05
2331.38 2331.48
2333.45 2333.67
2333.85 2333.96
2334.91 2335.16
2340.08 2340.29
2341.70 2341.91
2343.07 2343.27
2344.79 2344.92
2348.12 2348.32
2350.70 2350.89
2353.04 2353.23
2356.03 2356.25
2357.68 2357.81
2365.61 2365.79
2368.99 2369.09
2423.56 2423.70
2428.51 2428.64
2430.71 2430.95
2442.38 2442.68
2450.15 2450.33
2453.78 2454.22
2454.44 2454.58
2458.94 2459.44
2460.35 2460.53
2462.98 2463.14
2472.15 2472.31
